%YAML:1.0
---
calibration_time: "Thu 22 Sep 2022 12:29:49 PM CST"
image_width: 1920
image_height: 1080
aspectRatio: 1.
flags: 14
camera_matrix: !!opencv-matrix
   rows: 3
   cols: 3
   dt: d
   data: [ 1.8674707796828263e+03, 0., 9.5950000000000000e+02, 0.,
       1.8674707796828263e+03, 5.3950000000000000e+02, 0., 0., 1. ]
distortion_coefficients: !!opencv-matrix
   rows: 1
   cols: 5
   dt: d
   data: [ -5.9573559908753816e-04, 7.5969656808007628e-03, 0., 0.,
       -4.1700113875907115e-02 ]
avg_reprojection_error: 5.4499568981182821e-02
