%YAML:1.0
---
calibration_time: "Fri 26 Aug 2022 12:03:31 AM CST"
image_width: 960
image_height: 544
aspectRatio: 1.
flags: 14
camera_matrix: !!opencv-matrix
   rows: 3
   cols: 3
   dt: d
   data: [ 1.1549454965576128e+03, 0., 4.7950000000000000e+02, 0.,
       1.1549454965576128e+03, 2.7150000000000000e+02, 0., 0., 1. ]
distortion_coefficients: !!opencv-matrix
   rows: 1
   cols: 5
   dt: d
   data: [ 3.6219530683880626e-02, 1.4518257628443762e-01, 0., 0.,
       1.2120562869234071e+00 ]
avg_reprojection_error: 1.4137379278326681e+00
