%YAML:1.0
---
calibration_time: "Mon 22 Aug 2022 11:18:07 PM CST"
image_width: 1920
image_height: 1080
aspectRatio: 1.
flags: 14
camera_matrix: !!opencv-matrix
   rows: 3
   cols: 3
   dt: d
   data: [ 1.8232123243022218e+03, 0., 9.5950000000000000e+02, 0.,
       1.8232123243022218e+03, 5.3950000000000000e+02, 0., 0., 1. ]
distortion_coefficients: !!opencv-matrix
   rows: 1
   cols: 5
   dt: d
   data: [ 2.6365943340226000e-01, -1.7576788780077190e+00, 0., 0.,
       3.5185418592603108e+00 ]
avg_reprojection_error: 6.8362783392610826e-01
