%YAML:1.0
---
calibration_time: "Wed 24 Nov 2021 10:49:59 PM CST"
image_width: 648
image_height: 486
board_width: 6
board_height: 6
square_size: 1.
aspectRatio: 1.
flags: 2
camera_matrix: !!opencv-matrix
   rows: 3
   cols: 3
   dt: d
   data: [ 1.6328081376153848e+03, 0., 5.0334714889826154e+02, 0.,
       1.6328081376153848e+03, 3.1132285338308446e+02, 0., 0., 1. ]
distortion_coefficients: !!opencv-matrix
   rows: 5
   cols: 1
   dt: d
   data: [ 4.9561287694699208e-01, 4.4606539709445343e+00,
       2.6533213625180685e-02, 7.8864131574349655e-02,
       -3.6286427737445713e+01 ]
avg_reprojection_error: 3.1673986077124261e-01
